1
                         CHECK                                                                           


 NUMBER OF STRAIGHT-LINE SEGMENTS (EACH CONTAINING AT  LEAST ONE BOUNDARY ELEMENT) USED TO DEFINE BOUNDARIES =  1

 NUMBER OF STRAIGHT-LINE SEGMENTS USED TO SPECIFY OTHER LOCATION  (I.E., NOT ON A BOUNDARY) WHERE RESULTS ARE TO BE FOUND =  0

 NO SYMMETRY CONDITIONS IMPOSED.

 POISSON'S RATIO =  0.25

 YOUNG'S MODULUS = 0.3000E+11

 XX-COMPONENT OF FIELD STRESS =          0.0000E+00

 YY-COMPONENT OF FIELD STRESS =          0.0000E+00

 XY-COMPONENT OF FIELD STRESS = 0.0000E+00
1
     BOUNDARY ELEMENT DATA.

  ELEMENT      KODE  X (CENTER)  Y (CENTER)      LENGTH      ANGLE  US OR SIGMA_   UN OR SIGMA_N

        1        2      0.0100      0.0000      0.0200    0.00E+00     1.0000E+00     0.0000E+00
        2        2      0.0300      0.0000      0.0200    0.00E+00     1.0000E+00     0.0000E+00
        3        2      0.0500      0.0000      0.0200    0.00E+00     1.0000E+00     0.0000E+00
        4        2      0.0700      0.0000      0.0200    0.00E+00     1.0000E+00     0.0000E+00
        5        2      0.0900      0.0000      0.0200    0.00E+00     1.0000E+00     0.0000E+00
        6        2      0.1100      0.0000      0.0200    0.00E+00     1.0000E+00     0.0000E+00
        7        2      0.1300      0.0000      0.0200    0.00E+00     1.0000E+00     0.0000E+00
        8        2      0.1500      0.0000      0.0200    0.00E+00     1.0000E+00     0.0000E+00
        9        2      0.1700      0.0000      0.0200    0.00E+00     1.0000E+00     0.0000E+00
       10        2      0.1900      0.0000      0.0200    0.00E+00     1.0000E+00     0.0000E+00
       11        2      0.2100      0.0000      0.0200    0.00E+00     1.0000E+00     0.0000E+00
       12        2      0.2300      0.0000      0.0200    0.00E+00     1.0000E+00     0.0000E+00
       13        2      0.2500      0.0000      0.0200    0.00E+00     1.0000E+00     0.0000E+00
       14        2      0.2700      0.0000      0.0200    0.00E+00     1.0000E+00     0.0000E+00
       15        2      0.2900      0.0000      0.0200    0.00E+00     1.0000E+00     0.0000E+00
       16        2      0.3100      0.0000      0.0200    0.00E+00     1.0000E+00     0.0000E+00
       17        2      0.3300      0.0000      0.0200    0.00E+00     1.0000E+00     0.0000E+00
       18        2      0.3500      0.0000      0.0200    0.00E+00     1.0000E+00     0.0000E+00
       19        2      0.3700      0.0000      0.0200    0.00E+00     1.0000E+00     0.0000E+00
       20        2      0.3900      0.0000      0.0200    0.00E+00     1.0000E+00     0.0000E+00
       21        2      0.4100      0.0000      0.0200    0.00E+00     1.0000E+00     0.0000E+00
       22        2      0.4300      0.0000      0.0200    0.00E+00     1.0000E+00     0.0000E+00
       23        2      0.4500      0.0000      0.0200    0.00E+00     1.0000E+00     0.0000E+00
       24        2      0.4700      0.0000      0.0200    0.00E+00     1.0000E+00     0.0000E+00
       25        2      0.4900      0.0000      0.0200    0.00E+00     1.0000E+00     0.0000E+00
       26        2      0.5100      0.0000      0.0200    0.00E+00     1.0000E+00     0.0000E+00
       27        2      0.5300      0.0000      0.0200    0.00E+00     1.0000E+00     0.0000E+00
       28        2      0.5500      0.0000      0.0200    0.00E+00     1.0000E+00     0.0000E+00
       29        2      0.5700      0.0000      0.0200    0.00E+00     1.0000E+00     0.0000E+00
       30        2      0.5900      0.0000      0.0200    0.00E+00     1.0000E+00     0.0000E+00
       31        2      0.6100      0.0000      0.0200    0.00E+00     1.0000E+00     0.0000E+00
       32        2      0.6300      0.0000      0.0200    0.00E+00     1.0000E+00     0.0000E+00
       33        2      0.6500      0.0000      0.0200    0.00E+00     1.0000E+00     0.0000E+00
       34        2      0.6700      0.0000      0.0200    0.00E+00     1.0000E+00     0.0000E+00
       35        2      0.6900      0.0000      0.0200    0.00E+00     1.0000E+00     0.0000E+00
       36        2      0.7100      0.0000      0.0200    0.00E+00     1.0000E+00     0.0000E+00
       37        2      0.7300      0.0000      0.0200    0.00E+00     1.0000E+00     0.0000E+00
       38        2      0.7500      0.0000      0.0200    0.00E+00     1.0000E+00     0.0000E+00
       39        2      0.7700      0.0000      0.0200    0.00E+00     1.0000E+00     0.0000E+00
       40        2      0.7900      0.0000      0.0200    0.00E+00     1.0000E+00     0.0000E+00
       41        2      0.8100      0.0000      0.0200    0.00E+00     1.0000E+00     0.0000E+00
       42        2      0.8300      0.0000      0.0200    0.00E+00     1.0000E+00     0.0000E+00
       43        2      0.8500      0.0000      0.0200    0.00E+00     1.0000E+00     0.0000E+00
       44        2      0.8700      0.0000      0.0200    0.00E+00     1.0000E+00     0.0000E+00
       45        2      0.8900      0.0000      0.0200    0.00E+00     1.0000E+00     0.0000E+00
       46        2      0.9100      0.0000      0.0200    0.00E+00     1.0000E+00     0.0000E+00
       47        2      0.9300      0.0000      0.0200    0.00E+00     1.0000E+00     0.0000E+00
       48        2      0.9500      0.0000      0.0200    0.00E+00     1.0000E+00     0.0000E+00
       49        2      0.9700      0.0000      0.0200    0.00E+00     1.0000E+00     0.0000E+00
       50        2      0.9900      0.0000      0.0200    0.00E+00     1.0000E+00     0.0000E+00
1
     DISPLACEMENTS AND STRESSES AT MIDPOINTS OF BO UNDARY ELEMENTS.

   ELEMENT        DS     US(-)     US(+)         DN     UN(-)     UN(+)     UX(-)     UY(-)     UX(+)     UY( +)   SIGMA-S   SIGMA-N

         1      1.805E+00      1.000E+00     -8.054E-01     -9.943E-01      2.468E-08      9.943E-01      1.000E+00      2.468E-08     -8.054E-01      9.943E-01      0.421E+12     -0.329E+12
         2      1.948E+00      1.000E+00     -9.478E-01     -7.884E-01      2.608E-08      7.884E-01      1.000E+00      2.608E-08     -9.478E-01      7.884E-01      0.177E+12     -0.796E+11
         3      1.998E+00      1.000E+00     -9.983E-01     -6.750E-01      1.490E-08      6.750E-01      1.000E+00      1.490E-08     -9.983E-01      6.750E-01      0.112E+12     -0.402E+11
         4      2.027E+00      1.000E+00     -1.027E+00     -5.961E-01      5.448E-08      5.961E-01      1.000E+00      5.448E-08     -1.027E+00      5.961E-01      0.828E+11     -0.255E+11
         5      2.046E+00      1.000E+00     -1.046E+00     -5.350E-01      8.382E-08      5.350E-01      1.000E+00      8.382E-08     -1.046E+00      5.350E-01      0.664E+11     -0.181E+11
         6      2.059E+00      1.000E+00     -1.059E+00     -4.846E-01     -1.546E-07      4.846E-01      1.000E+00     -1.546E-07     -1.059E+00      4.846E-01      0.559E+11     -0.136E+11
         7      2.070E+00      1.000E+00     -1.070E+00     -4.414E-01     -9.895E-08      4.414E-01      1.000E+00     -9.895E-08     -1.070E+00      4.414E-01      0.486E+11     -0.107E+11
         8      2.078E+00      1.000E+00     -1.078E+00     -4.034E-01     -1.409E-07      4.034E-01      1.000E+00     -1.409E-07     -1.078E+00      4.034E-01      0.433E+11     -0.864E+10
         9      2.085E+00      1.000E+00     -1.085E+00     -3.691E-01     -6.473E-08      3.691E-01      1.000E+00     -6.473E-08     -1.085E+00      3.691E-01      0.392E+11     -0.713E+10
        10      2.090E+00      1.000E+00     -1.090E+00     -3.379E-01      5.355E-09      3.379E-01      1.000E+00      5.355E-09     -1.090E+00      3.379E-01      0.361E+11     -0.597E+10
        11      2.095E+00      1.000E+00     -1.095E+00     -3.090E-01     -1.863E-09      3.090E-01      1.000E+00     -1.863E-09     -1.095E+00      3.090E-01      0.335E+11     -0.506E+10
        12      2.099E+00      1.000E+00     -1.099E+00     -2.820E-01      3.842E-08      2.820E-01      1.000E+00      3.842E-08     -1.099E+00      2.820E-01      0.315E+11     -0.432E+10
        13      2.103E+00      1.000E+00     -1.103E+00     -2.565E-01      7.101E-08      2.565E-01      1.000E+00      7.101E-08     -1.103E+00      2.565E-01      0.298E+11     -0.371E+10
        14      2.106E+00      1.000E+00     -1.106E+00     -2.323E-01      5.704E-08      2.323E-01      1.000E+00      5.704E-08     -1.106E+00      2.323E-01      0.284E+11     -0.319E+10
        15      2.108E+00      1.000E+00     -1.108E+00     -2.092E-01      1.106E-07      2.092E-01      1.000E+00      1.106E-07     -1.108E+00      2.092E-01      0.272E+11     -0.275E+10
        16      2.110E+00      1.000E+00     -1.110E+00     -1.870E-01      4.936E-08      1.870E-01      1.000E+00      4.936E-08     -1.110E+00      1.870E-01      0.262E+11     -0.237E+10
        17      2.112E+00      1.000E+00     -1.112E+00     -1.656E-01     -2.049E-08      1.656E-01      1.000E+00     -2.049E-08     -1.112E+00      1.656E-01      0.254E+11     -0.203E+10
        18      2.114E+00      1.000E+00     -1.114E+00     -1.448E-01     -1.560E-08      1.448E-01      1.000E+00     -1.560E-08     -1.114E+00      1.448E-01      0.247E+11     -0.172E+10
        19      2.115E+00      1.000E+00     -1.115E+00     -1.245E-01     -4.400E-08      1.245E-01      1.000E+00     -4.400E-08     -1.115E+00      1.245E-01      0.241E+11     -0.144E+10
        20      2.116E+00      1.000E+00     -1.116E+00     -1.047E-01      4.377E-08      1.047E-01      1.000E+00      4.377E-08     -1.116E+00      1.047E-01      0.236E+11     -0.119E+10
        21      2.117E+00      1.000E+00     -1.117E+00     -8.518E-02     -1.315E-07      8.518E-02      1.000E+00     -1.315E-07     -1.117E+00      8.518E-02      0.232E+11     -0.951E+09
        22      2.118E+00      1.000E+00     -1.118E+00     -6.597E-02     -5.565E-08      6.597E-02      1.000E+00     -5.565E-08     -1.118E+00      6.597E-02      0.229E+11     -0.726E+09
        23      2.118E+00      1.000E+00     -1.118E+00     -4.697E-02     -1.527E-07      4.697E-02      1.000E+00     -1.527E-07     -1.118E+00      4.697E-02      0.227E+11     -0.512E+09
        24      2.119E+00      1.000E+00     -1.119E+00     -2.812E-02     -4.470E-08      2.812E-02      1.000E+00     -4.470E-08     -1.119E+00      2.812E-02      0.226E+11     -0.305E+09
        25      2.119E+00      1.000E+00     -1.119E+00     -9.365E-03     -6.403E-08      9.364E-03      1.000E+00     -6.403E-08     -1.119E+00      9.364E-03      0.225E+11     -0.101E+09
        26      2.119E+00      1.000E+00     -1.119E+00      9.365E-03     -2.328E-09     -9.365E-03      1.000E+00     -2.328E-09     -1.119E+00     -9.365E-03      0.225E+11      0.101E+09
        27      2.119E+00      1.000E+00     -1.119E+00      2.812E-02     -7.264E-08     -2.813E-02      1.000E+00     -7.264E-08     -1.119E+00     -2.813E-02      0.226E+11      0.306E+09
        28      2.118E+00      1.000E+00     -1.118E+00      4.697E-02      9.313E-10     -4.697E-02      1.000E+00      9.313E-10     -1.118E+00     -4.697E-02      0.227E+11      0.512E+09
        29      2.118E+00      1.000E+00     -1.118E+00      6.597E-02     -3.818E-08     -6.597E-02      1.000E+00     -3.818E-08     -1.118E+00     -6.597E-02      0.229E+11      0.727E+09
        30      2.117E+00      1.000E+00     -1.117E+00      8.518E-02      6.426E-08     -8.518E-02      1.000E+00      6.426E-08     -1.117E+00     -8.518E-02      0.232E+11      0.952E+09
        31      2.116E+00      1.000E+00     -1.116E+00      1.047E-01      1.909E-08     -1.047E-01      1.000E+00      1.909E-08     -1.116E+00     -1.047E-01      0.236E+11      0.119E+10
        32      2.115E+00      1.000E+00     -1.115E+00      1.245E-01     -1.444E-07     -1.245E-01      1.000E+00     -1.444E-07     -1.115E+00     -1.245E-01      0.241E+11      0.144E+10
        33      2.114E+00      1.000E+00     -1.114E+00      1.448E-01      1.630E-08     -1.448E-01      1.000E+00      1.630E-08     -1.114E+00     -1.448E-01      0.247E+11      0.172E+10
        34      2.112E+00      1.000E+00     -1.112E+00      1.656E-01      1.490E-08     -1.656E-01      1.000E+00      1.490E-08     -1.112E+00     -1.656E-01      0.254E+11      0.203E+10
        35      2.110E+00      1.000E+00     -1.110E+00      1.870E-01      7.916E-08     -1.870E-01      1.000E+00      7.916E-08     -1.110E+00     -1.870E-01      0.262E+11      0.237E+10
        36      2.108E+00      1.000E+00     -1.108E+00      2.092E-01     -3.586E-08     -2.092E-01      1.000E+00     -3.586E-08     -1.108E+00     -2.092E-01      0.272E+11      0.275E+10
        37      2.106E+00      1.000E+00     -1.106E+00      2.323E-01     -1.593E-07     -2.323E-01      1.000E+00     -1.593E-07     -1.106E+00     -2.323E-01      0.284E+11      0.319E+10
        38      2.103E+00      1.000E+00     -1.103E+00      2.565E-01      3.073E-08     -2.565E-01      1.000E+00      3.073E-08     -1.103E+00     -2.565E-01      0.298E+11      0.371E+10
        39      2.099E+00      1.000E+00     -1.099E+00      2.820E-01      1.192E-07     -2.820E-01      1.000E+00      1.192E-07     -1.099E+00     -2.820E-01      0.315E+11      0.432E+10
        40      2.095E+00      1.000E+00     -1.095E+00      3.090E-01     -3.446E-08     -3.090E-01      1.000E+00     -3.446E-08     -1.095E+00     -3.090E-01      0.335E+11      0.506E+10
        41      2.090E+00      1.000E+00     -1.090E+00      3.379E-01     -1.080E-07     -3.379E-01      1.000E+00     -1.080E-07     -1.090E+00     -3.379E-01      0.361E+11      0.597E+10
        42      2.085E+00      1.000E+00     -1.085E+00      3.691E-01      7.451E-09     -3.691E-01      1.000E+00      7.451E-09     -1.085E+00     -3.691E-01      0.392E+11      0.713E+10
        43      2.078E+00      1.000E+00     -1.078E+00      4.034E-01     -3.912E-08     -4.034E-01      1.000E+00     -3.912E-08     -1.078E+00     -4.034E-01      0.433E+11      0.864E+10
        44      2.070E+00      1.000E+00     -1.070E+00      4.414E-01      1.118E-07     -4.414E-01      1.000E+00      1.118E-07     -1.070E+00     -4.414E-01      0.486E+11      0.107E+11
        45      2.059E+00      1.000E+00     -1.059E+00      4.846E-01     -6.892E-08     -4.846E-01      1.000E+00     -6.892E-08     -1.059E+00     -4.846E-01      0.559E+11      0.136E+11
        46      2.046E+00      1.000E+00     -1.046E+00      5.350E-01     -4.098E-08     -5.350E-01      1.000E+00     -4.098E-08     -1.046E+00     -5.350E-01      0.664E+11      0.181E+11
        47      2.027E+00      1.000E+00     -1.027E+00      5.961E-01     -4.843E-08     -5.961E-01      1.000E+00     -4.843E-08     -1.027E+00     -5.961E-01      0.828E+11      0.255E+11
        48      1.998E+00      1.000E+00     -9.983E-01      6.750E-01     -1.378E-07     -6.750E-01      1.000E+00     -1.378E-07     -9.983E-01     -6.750E-01      0.112E+12      0.402E+11
        49      1.948E+00      1.000E+00     -9.478E-01      7.884E-01      1.118E-07     -7.884E-01      1.000E+00      1.118E-07     -9.478E-01     -7.884E-01      0.177E+12      0.796E+11
        50      1.805E+00      1.000E+00     -8.054E-01      9.943E-01      0.000E+00     -9.943E-01      1.000E+00      0.000E+00     -8.054E-01     -9.943E-01      0.421E+12      0.329E+12
